nikhil 8 4 2018 1 36 PM 100000 0 100000 11
nik 9 4 2018 9 52 AM 10000 1000 11000 12
nik 9 4 2018 9 53 AM 11000 0 11000 13
nik 9 4 2018 9 56 AM 11000 80 10920 14
kushal 10 4 2018 10 53 AM 10000 140 9860 15
nikhil@nik.com 13 4 2018 4 50 PM 10000 100 10100 16
nikhil@nik.com 13 4 2018 4 52 PM 10100 140 9960 17
nikhil@cpp.com 13 4 2018 4 58 PM 10000 100 10100 18
nikhil@cpp.com 13 4 2018 4 59 PM 10100 442 9658 19
nikhil@cpp.com 13 4 2018 5 4 PM 9658 0 9658 20
nikhil 6 5 2018 2 50 PM 100000 150 99850 21
nikhil 13 5 2018 1 57 PM 99850 10 99840 22
